Player count: 2
Distribution for hand winners
0 1101 0.1101
6 4 0.0004
7 16 0.0016
8 38 0.0038
9 82 0.0082
10 90 0.009
11 133 0.0133
12 270 0.027
13 365 0.0365
14 501 0.0501
15 628 0.0628
16 774 0.0774
17 912 0.0912
18 1024 0.1024
19 1208 0.1208
20 1317 0.1317
21 1537 0.1537
Performance by playing BJ:
0 [1101.0, 6361.0, 0.17]
6 [4.0, 14.0, 0.29]
7 [16.0, 66.0, 0.24]
8 [38.0, 107.0, 0.36]
9 [82.0, 226.0, 0.36]
10 [90.0, 289.0, 0.31]
11 [133.0, 422.0, 0.32]
12 [270.0, 739.0, 0.37]
13 [365.0, 884.0, 0.41]
14 [501.0, 1072.0, 0.47]
15 [628.0, 1177.0, 0.53]
16 [774.0, 1299.0, 0.6]
17 [912.0, 1349.0, 0.68]
18 [1024.0, 1396.0, 0.73]
19 [1208.0, 1504.0, 0.8]
20 [1317.0, 1494.0, 0.88]
21 [1537.0, 1601.0, 0.96]
Performance by worst BJ:
0 [8044.5, 16521.0, 0.49]
6 [8.0, 24.0, 0.33]
7 [75.5, 156.0, 0.48]
8 [131.0, 268.0, 0.49]
9 [191.0, 390.0, 0.49]
10 [197.0, 391.0, 0.5]
11 [214.0, 432.0, 0.5]
12 [801.0, 1305.0, 0.61]
13 [200.0, 324.0, 0.62]
14 [94.0, 134.0, 0.7]
15 [29.5, 37.0, 0.8]
16 [9.5, 13.0, 0.73]
17 [3.0, 3.0, 1.0]
18 [2.0, 2.0, 1.0]
Performance by best BJ:
0 [290.5, 1949.0, 0.15]
9 [0.0, 1.0, 0.0]
10 [2.0, 5.0, 0.4]
11 [2.0, 6.0, 0.33]
12 [2.0, 7.0, 0.29]
13 [8.0, 16.0, 0.5]
14 [29.0, 79.0, 0.37]
15 [66.5, 169.0, 0.39]
16 [112.5, 250.0, 0.45]
17 [198.0, 479.0, 0.41]
18 [341.0, 757.0, 0.45]
19 [787.5, 1606.0, 0.49]
20 [1961.5, 3697.0, 0.53]
21 [6199.5, 10979.0, 0.56]
Player count: 3
Distribution for hand winners
0 334 0.0334
6 5 0.0005
7 8 0.0008
8 15 0.0015
9 26 0.0026
10 46 0.0046
11 74 0.0074
12 144 0.0144
13 267 0.0267
14 385 0.0385
15 533 0.0533
16 706 0.0706
17 958 0.0958
18 1114 0.1114
19 1400 0.14
20 1709 0.1709
21 2276 0.2276
Performance by playing BJ:
0 [333.99999999999847, 9394.0, 0.04]
6 [5.0, 28.0, 0.18]
7 [8.0, 96.0, 0.08]
8 [15.0, 167.0, 0.09]
9 [26.0, 331.0, 0.08]
10 [46.0, 474.0, 0.1]
11 [74.0, 639.0, 0.12]
12 [144.0, 1104.0, 0.13]
13 [267.0, 1416.0, 0.19]
14 [384.99999999999994, 1610.0, 0.24]
15 [533.0, 1865.0, 0.29]
16 [706.0000000000003, 1916.0, 0.37]
17 [958.0000000000002, 2073.0, 0.46]
18 [1114.0, 2080.0, 0.54]
19 [1399.9999999999995, 2156.0, 0.65]
20 [1708.9999999999998, 2193.0, 0.78]
21 [2276.0, 2458.0, 0.93]
Performance by worst BJ:
0 [8073.666666666545, 24610.0, 0.33]
6 [12.5, 47.0, 0.27]
7 [58.0, 222.0, 0.26]
8 [121.83333333333334, 400.0, 0.3]
9 [147.66666666666666, 547.0, 0.27]
10 [193.16666666666666, 633.0, 0.31]
11 [204.33333333333334, 695.0, 0.29]
12 [816.3333333333335, 1986.0, 0.41]
13 [216.66666666666666, 534.0, 0.41]
14 [109.33333333333334, 238.0, 0.46]
15 [30.0, 60.0, 0.5]
16 [8.0, 17.0, 0.47]
17 [6.5, 9.0, 0.72]
18 [1.0, 1.0, 1.0]
19 [1.0, 1.0, 1.0]
Performance by best BJ:
0 [70.00000000000009, 2893.0, 0.02]
8 [1.0, 1.0, 1.0]
10 [1.0, 4.0, 0.25]
11 [1.5, 11.0, 0.14]
12 [2.0, 10.0, 0.2]
13 [4.0, 35.0, 0.11]
14 [19.333333333333336, 93.0, 0.21]
15 [39.83333333333333, 227.0, 0.18]
16 [91.5, 405.0, 0.23]
17 [185.33333333333343, 800.0, 0.23]
18 [323.8333333333332, 1213.0, 0.27]
19 [720.0000000000002, 2402.0, 0.3]
20 [1932.4999999999952, 5517.0, 0.35]
21 [6608.166666666622, 16389.0, 0.4]
Player count: 4
Distribution for hand winners
0 170 0.017
6 2 0.0002
7 5 0.0005
8 6 0.0006
9 10 0.001
10 19 0.0019
11 37 0.0037
12 88 0.0088
13 140 0.014
14 223 0.0223
15 379 0.0379
16 554 0.0554
17 789 0.0789
18 1161 0.1161
19 1580 0.158
20 2009 0.2009
21 2828 0.2828
Performance by playing BJ:
0 [170.0, 12777.0, 0.01]
6 [2.0, 27.0, 0.07]
7 [5.0, 125.0, 0.04]
8 [6.0, 238.0, 0.03]
9 [10.0, 440.0, 0.02]
10 [19.0, 606.0, 0.03]
11 [37.0, 804.0, 0.05]
12 [88.0, 1470.0, 0.06]
13 [140.00000000000003, 1831.0, 0.08]
14 [223.00000000000003, 2110.0, 0.11]
15 [379.00000000000006, 2429.0, 0.16]
16 [554.0, 2566.0, 0.22]
17 [789.0000000000001, 2733.0, 0.29]
18 [1161.0000000000007, 2838.0, 0.41]
19 [1580.0000000000002, 2925.0, 0.54]
20 [2008.9999999999975, 2889.0, 0.7]
21 [2828.000000000002, 3192.0, 0.89]
Performance by worst BJ:
0 [8159.499999999977, 32956.0, 0.25]
6 [6.5, 55.0, 0.12]
7 [60.0, 321.0, 0.19]
8 [101.5, 526.0, 0.19]
9 [109.66666666666666, 742.0, 0.15]
10 [171.33333333333331, 843.0, 0.2]
11 [205.33333333333334, 888.0, 0.23]
12 [783.5000000000001, 2552.0, 0.31]
13 [230.50000000000003, 695.0, 0.33]
14 [120.5, 299.0, 0.4]
15 [30.5, 78.0, 0.39]
16 [10.666666666666668, 25.0, 0.43]
17 [8.5, 18.0, 0.47]
18 [2.0, 2.0, 1.0]
Performance by best BJ:
0 [33.5, 4082.0, 0.01]
9 [0.0, 2.0, 0.0]
10 [0.0, 5.0, 0.0]
11 [0.0, 9.0, 0.0]
12 [0.0, 21.0, 0.0]
13 [3.0, 34.0, 0.09]
14 [5.75, 131.0, 0.04]
15 [24.583333333333332, 289.0, 0.09]
16 [56.416666666666664, 568.0, 0.1]
17 [116.24999999999999, 1020.0, 0.11]
18 [259.66666666666663, 1542.0, 0.17]
19 [681.5833333333334, 3243.0, 0.21]
20 [1942.4999999999984, 7259.0, 0.27]
21 [6876.749999999987, 21795.0, 0.32]