Player count: 2
Best rank classified hands:
AA966 [848.5, 1111.0, 0.7637263726372637]
AA777 [139.5, 185.0, 0.754054054054054]
AA876 [2187.75, 2916.0, 0.7502572016460906]
AQQ55 [828.0, 1116.0, 0.7419354838709677]
AKK55 [798.25, 1077.0, 0.7411792014856081]
AA885 [778.75, 1056.0, 0.7374526515151515]
AA975 [2099.25, 2862.0, 0.7334905660377359]
AAA55 [120.0, 165.0, 0.7272727272727273]
AAA73 [375.25, 517.0, 0.7258220502901354]
AA984 [2101.25, 2899.0, 0.7248189030700242]
AA776 [812.5, 1122.0, 0.7241532976827094]
AA993 [835.25, 1154.0, 0.723786828422877]
AAATT [138.0, 191.0, 0.7225130890052356]
AA955 [777.0, 1077.0, 0.7214484679665738]
AJJ55 [815.25, 1132.0, 0.7201855123674912]
AAA82 [342.75, 478.0, 0.7170502092050209]
AA875 [2035.0, 2845.0, 0.7152899824253075]
AA866 [810.0, 1133.0, 0.7149161518093556]
AJT55 [2127.5, 2977.0, 0.7146456163923413]
AAK82 [2069.25, 2897.0, 0.7142733862616499]
Best nuanced classified hands:
AaAbKb5b5a [16.0, 18.0, 0.8888888888888888]
AaAbAc5d5a [13.0, 15.0, 0.8666666666666667]
9a9b8a8b3b [19.75, 23.0, 0.8586956521739131]
AaAb9c6b6d [39.0, 46.0, 0.8478260869565217]
AaAbAc9c9a [11.0, 13.0, 0.8461538461538461]
AaAbAc5a5d [13.5, 16.0, 0.84375]
AaAb9c5b5c [31.0, 37.0, 0.8378378378378378]
AaAbTa5a4b [33.5, 40.0, 0.8375]
AaQbQa5a5c [37.5, 45.0, 0.8333333333333334]
AaAb9b7b4a [45.0, 54.0, 0.8333333333333334]
AaAb7a7b7c [12.5, 15.0, 0.8333333333333334]
Aa7a7b7c7d [5.0, 6.0, 0.8333333333333334]
KaKb7c7a7b [13.25, 16.0, 0.828125]
AaAb8a8b4a [19.0, 23.0, 0.8260869565217391]
AaKaKb5a5b [22.25, 27.0, 0.8240740740740741]
AaAbAcTbTc [14.0, 17.0, 0.8235294117647058]
AaAbAcTdTa [11.5, 14.0, 0.8214285714285714]
KaKb9b9a2a [14.75, 18.0, 0.8194444444444444]
AaAb7a7b5b [14.75, 18.0, 0.8194444444444444]
QaQbJa7b4b [32.75, 40.0, 0.81875]
Player count: 3
Best rank classified hands:
AA966 [1043.4999999999998, 1653.0, 0.6312764670296429]
AKK55 [1001.8333333333329, 1616.0, 0.6199463696369635]
AQQ55 [1046.2499999999998, 1701.0, 0.6150793650793649]
AA876 [2726.749999999999, 4438.0, 0.6144096439837763]
AA885 [995.8333333333331, 1629.0, 0.6113157356251278]
ATT55 [996.333333333333, 1658.0, 0.6009248090068353]
AA777 [141.91666666666669, 237.0, 0.598804500703235]
AJJ55 [991.6666666666663, 1664.0, 0.5959535256410254]
AA975 [2642.6666666666665, 4446.0, 0.5943919628130154]
AA984 [2602.916666666667, 4448.0, 0.5851880995203838]
AA993 [982.1666666666666, 1682.0, 0.5839278636543797]
AKJ55 [2520.3333333333344, 4325.0, 0.5827360308285167]
AQJ55 [2588.9166666666656, 4460.0, 0.5804745889387143]
AKT55 [2617.3333333333335, 4523.0, 0.5786719728793573]
AKQ55 [2470.666666666668, 4275.0, 0.5779337231968814]
AKK64 [2569.9999999999995, 4451.0, 0.5773983374522578]
AKKJJ [972.6666666666658, 1685.0, 0.5772502472799204]
AQQ64 [2581.583333333333, 4474.0, 0.5770190731634629]
AAK83 [2520.9166666666656, 4369.0, 0.577000839246204]
AQT55 [2491.3333333333344, 4320.0, 0.5766975308641977]
Best nuanced classified hands:
AaAbAcQbQc [11.5, 16.0, 0.71875]
AaQbQaJaJb [21.25, 30.0, 0.7083333333333334]
KaKb7b7c7d [11.25, 16.0, 0.703125]
AaAbAc5b5d [21.0, 30.0, 0.7]
AaAb9b6c6a [47.25, 68.0, 0.6948529411764706]
AaAbJb8a3b [37.5, 54.0, 0.6944444444444444]
AaAb9a6b6a [21.5, 31.0, 0.6935483870967742]
AaKaKbJbJa [26.916666666666668, 39.0, 0.6901709401709402]
AaAb7a7c7b [16.5, 24.0, 0.6875]
AaQaQb5c5a [41.25, 60.0, 0.6875]
AaAbQb7a3a [46.0, 67.0, 0.6865671641791045]
AaAb9c6d6b [53.5, 78.0, 0.6858974358974359]
AaAb9b9a3a [18.5, 27.0, 0.6851851851851852]
AaAb9c9b3c [49.25, 72.0, 0.6840277777777778]
AaKbKa5c5a [40.333333333333336, 59.0, 0.6836158192090396]
AaAb9a9b3a [20.5, 30.0, 0.6833333333333333]
AaKbKa5c5b [51.166666666666664, 75.0, 0.6822222222222222]
AaAbAc6d4b [30.0, 44.0, 0.6818181818181818]
AaQbQc5b5c [50.41666666666667, 74.0, 0.6813063063063064]
AaJbJcTcTb [44.166666666666664, 65.0, 0.6794871794871794]
Player count: 4
Best rank classified hands:
AA966 [1203.8749999999998, 2189.0, 0.5499657377798081]
AQQ55 [1217.8333333333333, 2248.0, 0.5417408066429419]
AKK55 [1186.833333333333, 2204.0, 0.5384906231094977]
ATT55 [1156.3749999999998, 2165.0, 0.534122401847575]
AA777 [184.0, 347.0, 0.5302593659942363]
AKKJJ [1159.7499999999998, 2218.0, 0.5228809738503155]
AA975 [2957.083333333331, 5667.0, 0.5218075407328977]
AJJ55 [1114.9999999999998, 2155.0, 0.5174013921113688]
AA876 [3037.499999999996, 5871.0, 0.5173735309146646]
AKKQQ [1134.5416666666665, 2205.0, 0.5145313681027966]
AQQTT [1188.5000000000007, 2314.0, 0.5136127917026796]
AJJTT [1175.9166666666663, 2302.0, 0.5108239212279176]
AKQ55 [3007.2916666666624, 5903.0, 0.5094514088881352]
AQQJJ [1087.2499999999998, 2139.0, 0.5082982702197287]
AA885 [1123.416666666666, 2215.0, 0.5071858540255829]
AQT55 [3002.4999999999973, 5922.0, 0.507007767646065]
AQJ55 [3050.333333333331, 6035.0, 0.505440486053576]
AKJ55 [2967.166666666664, 5884.0, 0.504277135735327]
AAK83 [2993.9166666666656, 5946.0, 0.503517771050566]
AA984 [2975.749999999996, 5911.0, 0.5034258162747414]
Best nuanced classified hands:
AaKaKb5b5a [24.916666666666668, 40.0, 0.6229166666666667]
AaQbQaJaJb [23.916666666666664, 39.0, 0.6132478632478632]
AaKbKa5b5a [21.333333333333336, 35.0, 0.6095238095238096]
AaQbTa5a5b [49.70833333333333, 82.0, 0.6061991869918698]
AaQaQb5b5a [22.0, 37.0, 0.5945945945945946]
AaAb7b7a7c [16.0, 27.0, 0.5925925925925926]
KaKbJa9b2a [49.166666666666664, 83.0, 0.5923694779116465]
AaAbAc5b5d [19.5, 33.0, 0.5909090909090909]
AaQaQb5c5b [52.58333333333333, 89.0, 0.5908239700374531]
AaQbQcTbTc [62.5, 106.0, 0.589622641509434]
AaQaQbJbJc [46.54166666666667, 79.0, 0.5891350210970465]
AaAb9a6a6b [22.916666666666664, 39.0, 0.5876068376068375]
AaJaJb5b5c [42.875, 73.0, 0.5873287671232876]
AaAb9b6a6b [25.25, 43.0, 0.5872093023255814]
AaQbQcJcTb [110.79166666666667, 189.0, 0.5861992945326279]
AaJbJa5a5b [30.416666666666668, 52.0, 0.5849358974358975]
AaQbQc5c5d [49.125, 84.0, 0.5848214285714286]
AaAbKa7a4b [54.25, 93.0, 0.5833333333333334]
AaQaQb5a5c [61.041666666666664, 105.0, 0.5813492063492063]
AaKaKb5a5c [56.375, 97.0, 0.5811855670103093]